nan nan nan
-1.003357645324844671e-01 3.359849490264610328e-02 -2.733724253570257168e-01
-3.522229547428349511e-02 -1.787619170388703160e-02 -3.047646665271144806e-01
-5.208953812690544222e-02 -8.699258983892785291e-02 -2.534206614760705634e-01
-3.120946931387749007e-02 -1.083529686346868248e-01 -1.739682871669218645e-01
-4.131642781680257281e-02 1.481791313062170252e-03 -1.450355069381180639e-01
6.521617842645063834e-02 1.894984946921008176e-02 -1.800715482139196300e-01
7.062249137594016346e-02 -6.914492903022967374e-02 -1.256428241460572637e-01
6.947340917374116021e-02 -5.725944576873727432e-02 -3.648112085942444710e-02
1.245848064118028342e-01 3.169751649488847245e-02 -7.453703626417930439e-02
1.797706052766050860e-02 5.626884978089066042e-02 -3.952484510016995856e-02
8.962703811002514787e-02 4.819403231442062618e-02 3.520872006653483210e-02
9.875567790732728279e-02 1.440521458767790031e-01 9.146673096382985924e-03
1.075441393046530913e-01 1.693628541492512851e-01 -7.916394980305141438e-02
7.252226284385211719e-02 1.487904317283791633e-01 -1.676815080318905249e-01
-2.444346659395442087e-02 1.361190561649266162e-01 -1.754386556766714955e-01
-5.179143914739065511e-03 2.279969709718287774e-01 -1.442060426200260925e-01
1.797339257640738833e-02 2.430641522032155055e-01 -4.225486197292874224e-02
-9.601422844487458863e-02 2.298862200663619459e-01 -9.963565341270105846e-02
-8.323834962894148537e-02 1.475843423365047202e-01 -4.862134230913689459e-02
-8.041902092575993477e-02 2.580688366134235578e-01 5.679087966389673343e-03
-2.075220178359343803e-02 2.074172509556946875e-01 8.409663606347526910e-02
-1.259577634057231499e-01 2.217349969668222509e-01 8.024215974030743381e-02
-3.583016859817998723e-02 1.002205224142154044e-01 1.195803528222069423e-01
-1.216020375777042417e-01 1.401246016403324135e-01 1.588414530125383806e-01
-1.710779303637717241e-01 1.252302926217001011e-01 5.864121998717958251e-02
-1.962893423081193411e-01 6.322516579061336628e-02 1.352486870336580271e-01
-1.106010438891601999e-01 6.284086420564752654e-03 1.412613100915255659e-01
-1.030595407564057764e-01 3.231621641556635394e-02 3.994107476891627789e-02
-6.545926208977607963e-02 -8.318231693859284848e-02 4.724278732659807634e-02
-9.952687620037313498e-02 -1.108837181938577832e-01 -2.995095259719318670e-02
-1.987661026896128669e-01 -6.024455615998387109e-02 3.078132598092960664e-02
-2.057248700918352380e-01 2.968379971575023368e-02 -7.337100724456083189e-02
-2.123076581446168565e-01 -3.285620241073897163e-02 -1.510995857390299568e-01
-2.240921274223961479e-01 -1.020582018719082135e-01 -8.873892049598303133e-02
-2.996458862039563797e-01 -5.855196415996711395e-02 -5.997692277301524405e-02
-3.058602164234098808e-01 2.195131037714278047e-02 1.041006498774298128e-02
-3.371371588377335970e-01 1.089829602907920608e-01 4.261851353172658313e-02
-3.120255360255157484e-01 2.016858715656359158e-01 2.688458416351428501e-02
-3.706398362377534839e-01 1.491181137853180294e-01 -4.045260522900809980e-02
-2.793817933044923096e-01 1.966273308535474162e-01 -6.646895766550155182e-02
-2.648642115700414745e-01 1.293070832774092238e-01 -1.345107266885540442e-01
-3.657497006938841833e-01 5.743485062113432710e-02 -1.388264725709422442e-01
-3.130336797451620523e-01 4.567622315997637433e-02 -2.221659042947134177e-01
-3.032949759163328651e-01 1.346379284975078860e-01 -2.471229145327365762e-01
-3.955014494222348076e-01 1.703202309263488479e-01 -1.853716507800276525e-01
-3.231562304196767266e-01 2.315207531487869508e-01 -2.145644480086926764e-01
-3.682158041507541668e-01 2.647972993391377039e-01 -1.329246637974468015e-01
-2.803978095894965050e-01 2.788371961836493274e-01 -1.471187651896599669e-01
